-42600.5074
-42576.941699999996
-40781.37070000001
-40477.6984
-40234.898
-39581.2266
-39568.5555
-38439.5098
-37785.8384
-34333.1681
-34261.140100000004
-34260.2542
-34239.294599999994
-34001.7402
-33948.6544
-33560.4936
-33426.0783
-33303.8854
-33301.6137
-33151.7506
-33125.1471
-33015.875799999994
-33006.7907
-32989.650200000004
-32693.1175
-32580.408600000002
-32503.783199999998
-32488.389500000005
-32456.838799999998
-32443.510299999998
-32416.2918
-32290.008800000003
-32282.892999999996
-32270.2964
-32252.447
-32228.1809
-32227.152400000003
-32221.5516
-32216.3091

-42834.6444
-42423.109399999994
-40627.53839999999
-40486.1676
-40445.445999999996
-37851.454099999995
-37838.1257
-37733.11719999999
-37434.8125
-37145.6969
-36934.373
-36564.242
-36550.712
-36518.2726
-35858.3637
-32309.015700000004
-32276.8309
-32252.447
-32245.897
-32239.2664
-32232.994899999998
-32228.742100000003
-32226.809500000003
-32226.8095
-42819.686700000006
-42516.014500000005
-42409.22900000001
-42171.6746
-40316.1247
-40193.11350000001
-40173.731700000004
-39867.730500000005
-39793.6907
-39785.76240000001
-39474.8378
-39456.195499999994
-39442.458399999996
-37106.137200000005
-37086.0209
-36867.44240000001
-36835.138100000004
-36544.828799999996
-36512.5245
-33675.3833
-33618.801900000006

-42819.686700000006
-42516.014500000005
-40660.4646
-40422.9102
-40011.375199999995
-39904.5897
-39781.5785
-39767.841400000005
-39474.76270000001
-39442.4584
-39429.130000000005
-39429.13
-39429.12999999999
-39185.9421
-37330.392199999995
-36918.85719999999
-36867.4424
-36835.138100000004
-36750.8509
-35572.161
-35552.8729
-35516.2924
-32989.1186
-32932.5372
-32905.4128
-32309.840499999995
-32253.259099999996
