-42436.846600000004
-42182.539000000004
-41933.4578
-39580.0547
-38926.7619
-35125.0716
-35093.394400000005
-34880.3119
-34596.216
-33913.673500000004
-33148.2912
-33143.3027
-32814.1541
-32649.5733
-32611.4058
-32457.4575
-32353.3996
-32302.3055

-42841.70850000001
-42430.1736
-42309.3707
-42303.38680000001
-41887.518599999996
-41246.9138
-40994.3472
-40690.6749
-38895.1039
-38732.2269
-38691.1489
-38667.280999999995
-35149.38159999999
-34853.1578
-33380.7274
-33320.3081
-33318.3919
-32622.697
-32622.696999999996
-32587.0814
-32503.1076
-32501.5732
-32499.657
-32467.492000000006
-32451.8729
-32416.2573
-32414.341100000005

-42841.70850000001
-42720.9056
-42309.37070000001
-42303.38680000001
-41999.7145
-41359.1097
-41017.908299999996
-39222.3373
-39014.7483
-38909.7399
-38493.8717
-37021.4413
-36922.4947
-36898.6268
-33380.727399999996
-33320.308099999995
-33318.3919
-32622.697
-32587.081400000003
-32505.023800000003
-32503.107600000003
-32467.492000000006
-32464.041400000002
-32443.3129
-32407.697300000003
-32407.6973
